% File with data on asteroids combinations chosen by first 12 teams of
% GTOC2

%%%%%%%%%%%%%%%%%%%%%%%%%%%%%%%%%%%%%%%%%%%%%%%%%%%%%%%
% Niccolo' Gastaldello, October 2015
%%%%%%%%%%%%%%%%%%%%%%%%%%%%%%%%%%%%%%%%%%%%%%%%%%%%%%%
%------------------------------------------------------------------------%

% Set asteroids vectors

ASTEROIDS(1,:) = [3258076 2000060 2000058 2002959];
ASTEROIDS(2,:) = [3250293 2000149 2000569 2002483];
ASTEROIDS(3,:) = [3170221 2000574 2000209 2011542];
ASTEROIDS(4,:) = [3170221 2001990 2000240 2001754];
ASTEROIDS(5,:) = [3017309 2000443 2000490 2001345];
ASTEROIDS(6,:) = [3250293 2000027 2000110 2001038];
ASTEROIDS(7,:) = [3288933 2001707 2000047 2014569];
ASTEROIDS(8,:) = [3329255 2000232 2000807 2001754];
ASTEROIDS(9,:) = [3170221 2000043 2000074 2002483];
ASTEROIDS(10,:) = [3250293 2000149 2000224 2009661];
ASTEROIDS(11,:) = [3343104 2000169 2000075 2000659];
ASTEROIDS(12,:) = [3250293 2000443 2000058 2002959];

% Set departure and arrival date vectors

depDate_vector(1,:) = [59870 60373 62069 62737];
arrDate_vector(1,:) = [60283 61979 62647 63196];
depDate_vector(2,:) = [62866 63118 64997 65802];
arrDate_vector(2,:) = [63028 64907 65712 66662];
depDate_vector(3,:) = [57372 57849 59587 60139];
arrDate_vector(3,:) = [57747 59485 60034 60851];
depDate_vector(4,:) = [59574 60194 61839 62396];
arrDate_vector(4,:) = [60104 61749 62306 63145];
depDate_vector(5,:) = [61073 61348 63268 64101];
arrDate_vector(5,:) = [61258 63178 64011 64761];
depDate_vector(6,:) = [58021 58469 60326 60963];
arrDate_vector(6,:) = [58379 60236 60872 61735];
depDate_vector(7,:) = [62201 62544 64534 65484];
arrDate_vector(7,:) = [62454 64444 65394 66144];
depDate_vector(8,:) = [59418 59700 61693 62378];
arrDate_vector(8,:) = [59610 61603 62288 63369];
depDate_vector(9,:) = [57561 58106 59717 61025];
arrDate_vector(9,:) = [57987 59627 60935 61764];
depDate_vector(10,:) = [58448 58846 61048 62232];
arrDate_vector(10,:) = [58752 60826 61991 63175];
depDate_vector(11,:) = [58246 59215 61821 62642];
arrDate_vector(11,:) = [59125 61731 62552 65257];
depDate_vector(12,:) = [58460 58884 60714 62393];
arrDate_vector(12,:) = [58794 60623 62303 63204];