function [H,c1,p,knj,kn]=TD88_Constants100to150()
% Values of constants for 100km to 150km

% height scale (m)
H=2715.41; % meters

% numerical constants, "an" in paper
c1=[-0.1212981e-03, 0.6876198, 0.3199985e-01, -0.5480246, 6.998220, 6.841384 ,-0.5429721, 15.00109];

% phases, "pn" in paper
p=[0, 0, -263, 263, -29.41, 8.0913, 10.0813]*pi/180;

% numerical constants
knj=[
 0.573324e-08  0.163723e-09  0.385538e-10
  -0.897002e-08  0.305313e-09  0.909469e-10
  0.118386e-09 -0.147154e-09 -0.151747e-11
 -0.158392e-10 -0.643669e-11 -0.204607e-11
  0.239742e-10 -0.128431e-10 -0.299747e-11
   0.500862e-10  0.394142e-10  0.280555e-10
  0.750197e-11  0.457218e-11  0.208707e-11];

% numerical constants 
kn=[0.296815e-14 0.281453e-13 -0.123300e-13 -0.114892e-16 -0.390064e-15 0.742398e-14 -0.341594e-15]; 
end


 